"ID" "treat" "gender" "age" "bmi" "height" "bfat" "vitD" "steroids" "age.cat" "Tscore.hip.0" "Tscore.spine.0"
"1" 1 1 2 69 33.1 60 24.4 3 0 "(60,70]" -2.6 -3.1
"2" 2 1 2 70 28.4 65 25.9 3 0 "(60,70]" -4.2 -3.6
"3" 3 1 1 58 29.9 69 20.6 3 0 "(40,60]" -3.7 -3.4
"4" 4 1 2 79 28 62 24.1 3 0 "(70,Inf]" -4.3 -3.6
"5" 5 1 2 67 20.8 64 20.5 3 1 "(60,70]" -3.8 -3.2
"6" 6 1 2 71 26.6 64 23.4 2 0 "(70,Inf]" -3.9 -3.9
"7" 7 1 2 51 16.4 62 19.7 3 1 "(40,60]" -3.1 -3.2
"8" 8 1 2 62 29.1 68 25.8 3 0 "(60,70]" -3.8 -3.4
"9" 9 1 2 67 29.2 66 24.1 3 0 "(60,70]" -3.5 -3.7
"10" 10 1 1 50 29.1 64 18.9 3 0 "(40,60]" -3.4 -3.4
"11" 11 1 2 64 26.2 63 22.1 3 0 "(60,70]" -3.9 -3.9
"12" 12 1 2 57 24.3 69 24.4 3 0 "(40,60]" -2.4 -1.5
"13" 13 1 2 76 27.5 63 23.4 1 1 "(70,Inf]" -4.1 -3.3
"14" 14 1 1 69 26.5 66 20.3 3 0 "(60,70]" -3.1 -3
"15" 15 1 2 69 17.2 69 22.8 3 1 "(60,70]" -4.2 -3.8
"16" 16 1 2 65 26.9 63 24.6 2 0 "(60,70]" -2.1 -2.3
"17" 17 1 2 54 22.7 66 21.4 1 1 "(40,60]" -4.2 -4.1
"18" 18 1 1 59 36 69 19 2 0 "(40,60]" -3.7 -2.8
"19" 19 1 2 74 28.1 62 24.2 1 0 "(70,Inf]" -4.5 -3.2
"20" 20 1 1 59 27.5 65 14 3 0 "(40,60]" -2 -2.6
"21" 21 1 2 64 27.6 66 23.3 3 0 "(60,70]" -2.6 -3.1
"22" 22 1 2 61 21.6 66 24.5 2 0 "(60,70]" -3.6 -2.4
"23" 23 1 2 54 20.4 69 22.1 3 0 "(40,60]" -4.1 -3.9
"24" 24 1 2 65 28.2 65 26.1 2 0 "(60,70]" -2.9 -3.2
"25" 25 1 2 53 18.2 61 23.8 1 1 "(40,60]" -3.5 -3.3
"26" 26 1 2 64 29.4 63 26.6 1 0 "(60,70]" -3.2 -2.9
"27" 27 1 2 72 25.4 61 22.3 2 0 "(70,Inf]" -4 -3.4
"28" 28 1 1 63 21.6 72 15.2 3 0 "(60,70]" -2.7 -2.8
"29" 29 1 1 50 29.7 73 17.9 2 0 "(40,60]" -5.1 -3.3
"30" 30 1 2 59 31.6 68 24.6 3 0 "(40,60]" -3.3 -3.4
"31" 31 1 2 50 26.8 66 25.4 2 0 "(40,60]" -4.1 -3.2
"32" 32 1 2 61 20.7 68 21.7 1 0 "(60,70]" -4.2 -4.3
"33" 33 1 2 54 26.5 63 24.7 3 0 "(40,60]" -2.2 -2
"34" 34 1 2 67 29.9 60 26.5 3 0 "(60,70]" -2.4 -3
"35" 35 1 2 52 23.3 62 21.1 3 0 "(40,60]" -1.6 -2.4
"36" 36 1 2 67 25.7 66 22.5 3 0 "(60,70]" -4 -4.1
"37" 37 1 2 61 22.7 63 24.2 2 0 "(60,70]" -2.1 -2.6
"38" 38 1 2 77 16.9 61 21.7 3 0 "(70,Inf]" -4 -3.5
"39" 39 1 1 55 32.6 71 18.8 2 0 "(40,60]" -2.3 -3
"40" 40 1 1 68 25.7 64 20 3 0 "(60,70]" -3.1 -2.4
"41" 41 1 2 56 31.1 68 22.4 2 0 "(40,60]" -1.4 -2.3
"42" 42 1 1 54 22 68 14 3 0 "(40,60]" -3.2 -3
"43" 43 1 1 55 24.4 65 17.8 3 0 "(40,60]" -3.2 -1.9
"44" 44 1 1 65 28.7 69 20.7 3 0 "(60,70]" -3.8 -3.2
"45" 45 1 2 54 30.5 69 25.1 3 0 "(40,60]" -2.5 -2.7
"46" 46 1 2 61 29.1 65 25.6 3 0 "(60,70]" -3.3 -2.9
"47" 47 1 1 63 16.6 71 13.5 1 1 "(60,70]" -4.6 -3.9
"48" 48 1 2 61 22.2 67 21 3 0 "(60,70]" -3.1 -2.7
"49" 49 1 2 56 15.9 67 20.6 3 0 "(40,60]" -3.7 -3.1
"50" 50 1 2 69 27.6 69 20.2 3 0 "(60,70]" -3.3 -3.4
"51" 51 1 2 72 23.3 65 24.3 2 0 "(70,Inf]" -3.9 -3.9
"52" 52 1 2 73 26.6 63 23.5 3 0 "(70,Inf]" -3.1 -2.8
"53" 53 1 2 60 23.6 69 22.8 2 0 "(40,60]" -3.3 -3.2
"54" 54 1 1 71 23.5 65 15.9 1 0 "(70,Inf]" -2.3 -2.6
"55" 55 1 2 52 28.9 62 24.9 3 0 "(40,60]" -2.8 -2.6
"56" 56 1 1 56 24.8 66 16.5 1 1 "(40,60]" -4.1 -3.5
"57" 57 1 2 60 20 68 24.2 3 1 "(40,60]" -3 -3.2
"58" 58 1 1 63 28.8 64 16.5 2 0 "(60,70]" -1.4 -1.9
"59" 59 1 2 58 18.6 66 21.8 3 0 "(40,60]" -5.4 -4.6
"60" 60 1 1 53 24 70 16.6 1 0 "(40,60]" -2.7 -3.2
"61" 61 1 2 70 14.5 60 20.9 3 0 "(60,70]" -4 -4.6
"62" 62 1 2 67 25.3 62 22.3 3 0 "(60,70]" -3.5 -3.4
"63" 63 1 2 64 21.3 60 25.2 2 0 "(60,70]" -3.2 -3.1
"64" 64 1 2 56 29.1 60 27.3 3 0 "(40,60]" -2.5 -2.8
"65" 65 1 2 51 24.9 66 22.2 3 0 "(40,60]" -3.5 -3.3
"66" 66 1 1 59 14 72 12.4 3 0 "(40,60]" -3.6 -3.7
"67" 67 1 2 73 26.3 60 22.6 3 0 "(70,Inf]" -1.6 -1.6
"68" 68 1 2 61 22.6 63 19.8 3 0 "(60,70]" -3.3 -3.3
"69" 69 1 1 57 29.7 68 21.6 3 0 "(40,60]" -1.5 -2.2
"70" 70 1 2 59 26.4 60 22.5 1 1 "(40,60]" -3.8 -3.8
"71" 71 1 2 61 24.2 67 23 3 0 "(60,70]" -3.1 -3.6
"72" 72 1 2 70 30.8 66 24.5 3 1 "(60,70]" -3.8 -2.7
"73" 73 1 2 68 32.9 61 24.6 3 0 "(60,70]" -2.8 -2.7
"74" 74 1 2 79 28.4 66 21.7 3 0 "(70,Inf]" -2.6 -2.9
"75" 75 1 2 73 25.4 62 25.9 1 0 "(70,Inf]" -3.3 -2.8
"76" 76 1 2 56 24.6 68 22.7 3 0 "(40,60]" -3.7 -3.4
"77" 77 1 2 59 22.5 67 22.3 1 0 "(40,60]" -3.6 -3.7
"78" 78 1 2 55 21.8 69 22.6 3 0 "(40,60]" -3.6 -3.8
"79" 79 1 2 62 32 69 26.4 2 0 "(60,70]" -2.4 -2.5
"80" 80 1 1 57 28.6 71 20.5 2 0 "(40,60]" -2.6 -3.1
"81" 81 1 2 63 27.6 61 23 3 0 "(60,70]" -2.8 -2.6
"82" 82 1 1 65 20.9 66 19.1 3 0 "(60,70]" -4 -3.6
"83" 83 1 2 70 25.8 69 24 1 1 "(60,70]" -4.1 -3.6
"84" 84 1 1 73 20.2 71 18.9 1 0 "(70,Inf]" -3.3 -4.1
"85" 85 1 1 60 20.1 71 18.7 1 0 "(40,60]" -3 -2.6
"86" 86 1 1 61 26.3 70 19.2 2 1 "(60,70]" -4.6 -4.9
"87" 87 1 2 72 29.3 63 26.8 3 0 "(70,Inf]" -2.9 -2.7
"88" 88 1 2 67 27.1 68 24.3 3 0 "(60,70]" -2.9 -3.3
"89" 89 1 2 56 21.8 67 23.3 3 0 "(40,60]" -2.8 -3
"90" 90 1 1 55 16.6 71 15.4 3 0 "(40,60]" -3.1 -2.6
"91" 91 1 2 69 29.3 65 23.5 2 0 "(60,70]" -2.2 -2.2
"92" 92 1 2 61 21.1 67 22 1 0 "(60,70]" -3.3 -3.7
"93" 93 1 1 53 29.3 71 20.5 2 1 "(40,60]" -2.7 -3.2
"94" 94 1 2 52 25.2 66 20.7 3 1 "(40,60]" -3.3 -3.3
"95" 95 1 2 70 30.9 63 24.8 3 1 "(60,70]" -4.5 -3.7
"96" 96 1 1 56 30 71 19.2 1 0 "(40,60]" -3.6 -3
"97" 97 1 2 56 19.1 64 20.1 3 0 "(40,60]" -3.4 -3
"98" 98 1 1 79 31.2 72 24.2 3 0 "(70,Inf]" -4.3 -3.4
"99" 99 1 2 63 34.7 64 27.6 1 0 "(60,70]" -2.5 -3
"100" 100 1 2 54 27.2 60 22.9 3 0 "(40,60]" -3.3 -3.3
"101" 101 1 2 57 14.4 63 20.3 3 1 "(40,60]" -3.7 -3.9
"102" 102 1 2 62 26.2 64 24.1 3 0 "(60,70]" -3.3 -4
"103" 103 1 2 69 29.9 62 24.4 1 0 "(60,70]" -3.1 -3.7
"104" 104 1 2 70 26.6 67 22.7 3 0 "(60,70]" -3.3 -2.9
"105" 105 1 1 59 17.5 66 17.5 3 0 "(40,60]" -2.5 -2.7
"106" 106 1 1 55 25.9 72 16.9 2 0 "(40,60]" -2.4 -3.7
"107" 107 1 2 57 25 66 24.4 3 1 "(40,60]" -3.8 -3.2
"108" 108 1 1 67 21.2 65 19.9 2 0 "(60,70]" -3.9 -3.3
"109" 109 1 1 70 24.1 69 16.2 2 1 "(60,70]" -4.1 -4
"110" 110 1 2 75 27.7 65 24.2 1 0 "(70,Inf]" -4.2 -3.2
"111" 111 1 2 54 34.8 64 26.1 2 0 "(40,60]" -3.8 -2.9
"112" 112 1 1 62 19.6 69 16.1 3 0 "(60,70]" -2.7 -3.6
"113" 113 1 2 62 22.9 62 23.7 2 0 "(60,70]" -3.3 -3.1
"114" 114 1 2 60 20.5 61 19.6 2 0 "(40,60]" -4.3 -3.8
"115" 115 1 2 64 28.1 68 24.5 3 0 "(60,70]" -3.5 -3.9
"116" 116 1 2 65 23.3 64 20 3 0 "(60,70]" -2.9 -3.2
"117" 117 1 1 58 25.6 73 17 3 1 "(40,60]" -3.4 -3.9
"118" 118 1 2 69 19.3 63 24.8 3 1 "(60,70]" -4.5 -4.1
"119" 119 1 1 56 28.8 67 15.2 3 0 "(40,60]" -3.9 -3.6
"120" 120 1 1 54 25.3 68 16.6 2 0 "(40,60]" -2.4 -2.5
"121" 121 1 1 56 29.1 65 17.7 1 0 "(40,60]" -3 -2.8
"122" 122 1 1 75 27.8 65 20 3 0 "(70,Inf]" -1.2 -1.3
"123" 123 1 2 62 27.9 61 22.3 2 0 "(60,70]" -3.3 -2.9
"124" 124 1 2 60 28.9 61 24.4 3 0 "(40,60]" -2.7 -3.3
"125" 125 1 2 74 28.5 69 26.2 3 0 "(70,Inf]" -3.7 -4.5
"126" 126 1 1 55 26.1 67 16.1 3 0 "(40,60]" -2.8 -2.6
"127" 127 1 2 55 17.9 62 22.2 1 0 "(40,60]" -3.2 -3
"128" 128 1 2 63 22.9 65 22.1 2 0 "(60,70]" -2 -2.3
"129" 129 1 2 63 17.2 63 18 1 0 "(60,70]" -3.9 -4.1
"130" 130 1 2 56 25.5 63 20.6 3 0 "(40,60]" -1.8 -2.3
"131" 131 1 2 61 20.6 61 21.1 3 0 "(60,70]" -3.5 -3.3
"132" 132 1 2 58 27.1 69 25.2 1 1 "(40,60]" -3.4 -3.2
"133" 133 1 2 62 24.4 60 21.8 3 0 "(60,70]" -2.4 -2.2
"134" 134 1 1 68 27.8 65 19.3 1 0 "(60,70]" -2.6 -2.9
"135" 135 1 2 76 21.9 64 21.2 3 1 "(70,Inf]" -3.8 -3.4
"136" 136 1 1 57 19.8 64 19.3 2 0 "(40,60]" -3.6 -2.7
"137" 137 1 2 75 28.4 69 22.7 3 0 "(70,Inf]" -3.6 -3.6
"138" 138 1 1 66 23.8 66 16 3 0 "(60,70]" -2.3 -2.8
"139" 139 1 1 55 19 71 15.9 2 0 "(40,60]" -4.8 -5.2
"140" 140 1 2 67 31.9 67 23.9 2 0 "(60,70]" -2.9 -2.2
"141" 141 1 2 53 26.1 64 24.2 3 0 "(40,60]" -4.2 -3.6
"142" 142 1 2 66 28.5 68 24.7 3 0 "(60,70]" -3.6 -2.8
"143" 143 1 2 62 19.8 67 23.9 3 0 "(60,70]" -3.7 -3.1
"144" 144 1 2 65 26.7 67 23 3 0 "(60,70]" -3.3 -3.3
"145" 145 1 2 70 19.3 68 22.3 2 0 "(60,70]" -3.1 -3
"146" 146 1 2 65 24.1 68 22.9 3 0 "(60,70]" -3.8 -3.8
"147" 147 1 2 68 16 68 23.8 1 0 "(60,70]" -4 -3.6
"148" 148 1 1 70 25.3 68 18.8 3 0 "(60,70]" -4 -3.2
"149" 149 1 1 60 31 69 20.6 2 0 "(40,60]" -2.4 -2.6
"150" 150 1 2 65 28.4 67 22.9 1 0 "(60,70]" -3.2 -2.4
"151" 151 1 1 59 22 68 15.2 3 0 "(40,60]" -3.3 -3.4
"152" 152 1 2 72 25.4 63 24 3 0 "(70,Inf]" -2.5 -2.9
"153" 153 1 1 75 26.8 66 19.1 3 0 "(70,Inf]" -4.2 -3.4
"154" 154 1 2 63 25.8 65 23.5 3 0 "(60,70]" -3.2 -3.4
"155" 155 1 2 56 27.1 65 26.2 3 0 "(40,60]" -3.2 -3.2
"156" 156 1 2 71 26.9 65 23.4 3 1 "(70,Inf]" -3.4 -3.9
"157" 157 1 2 64 26.4 66 22 3 0 "(60,70]" -3.2 -3.7
"158" 158 1 1 73 24.9 71 19.1 3 0 "(70,Inf]" -2.5 -2.8
"159" 159 1 2 58 27.7 66 18.7 2 0 "(40,60]" -2.1 -2.5
"160" 160 1 2 62 18.3 61 21.2 2 0 "(60,70]" -3 -3
"161" 161 1 1 70 30 73 18.4 3 0 "(60,70]" -2.7 -2.8
"162" 162 1 2 61 32.5 66 23.2 1 0 "(60,70]" -3.8 -3.5
"163" 163 1 2 64 23.1 64 23 1 0 "(60,70]" -4.1 -3.1
"164" 164 1 2 55 27.7 62 23.1 1 0 "(40,60]" -3.7 -2.7
"165" 165 1 2 61 28.9 65 22 3 0 "(60,70]" -3.1 -2.9
"166" 166 1 2 73 23.8 68 21.7 3 0 "(70,Inf]" -1.8 -1.9
"167" 167 1 2 69 26.3 65 20.8 2 1 "(60,70]" -3.9 -3.7
"168" 168 1 2 69 27.1 66 24.4 3 0 "(60,70]" -3.5 -3.6
"169" 169 1 2 73 23.5 68 25.1 3 0 "(70,Inf]" -3.6 -3.1
"170" 170 1 2 53 22.7 60 22.8 3 0 "(40,60]" -2.7 -3.2
"171" 171 1 2 63 20.2 62 20.1 1 0 "(60,70]" -3.3 -3
"172" 172 1 1 64 27.1 70 16.6 3 0 "(60,70]" -3.6 -3.2
"173" 173 1 2 54 19.7 60 21.8 2 0 "(40,60]" -2.6 -3.3
"174" 174 1 2 75 27.3 69 24.8 1 0 "(70,Inf]" -3.2 -3.1
"175" 175 1 1 65 29.5 70 21.9 2 0 "(60,70]" -2.4 -2.8
"176" 176 1 2 57 24.6 65 26.6 3 0 "(40,60]" -3.9 -3.5
"177" 177 1 2 64 24.1 68 23.7 3 0 "(60,70]" -3.3 -3.2
"178" 178 1 2 60 29 66 22.1 3 1 "(40,60]" -3.3 -3.1
"179" 179 1 2 73 27 67 23.2 1 0 "(70,Inf]" -3.3 -2.8
"180" 180 1 2 52 21.7 65 23.6 2 0 "(40,60]" -3.5 -2.7
"181" 181 1 2 64 26.9 63 24.9 3 0 "(60,70]" -3.1 -3
"182" 182 1 2 60 25.2 67 22.6 3 0 "(40,60]" -3.1 -3.4
"183" 183 1 2 61 23.5 64 20.6 2 0 "(60,70]" -2.6 -2.4
"184" 184 1 1 79 20.3 70 14.9 1 0 "(70,Inf]" -3.8 -4.1
"185" 185 1 1 58 26.2 70 19.2 3 1 "(40,60]" -2.7 -1.9
"186" 186 1 2 67 27.2 69 23 3 1 "(60,70]" -3.4 -3.9
"187" 187 1 2 66 30.1 69 23.9 2 0 "(60,70]" -3.3 -3.8
"188" 188 1 1 53 22.3 72 17.4 3 0 "(40,60]" -2.6 -2.7
"189" 189 1 2 52 26.8 65 21 3 0 "(40,60]" -2.8 -3.5
"190" 190 1 2 62 28.2 64 22.2 2 0 "(60,70]" -1.9 -2.5
"191" 191 1 1 65 26.9 69 19.8 3 0 "(60,70]" -3.2 -3.7
"192" 192 1 1 74 28.2 69 19.3 3 1 "(70,Inf]" -3.7 -3
"193" 193 1 1 51 26.1 64 19.4 3 1 "(40,60]" -3.2 -3.9
"194" 194 1 1 58 25.5 65 18.5 2 1 "(40,60]" -1.9 -2.2
"195" 195 1 2 57 25.1 65 28 3 0 "(40,60]" -1.5 -2.3
"196" 196 1 2 60 19.6 69 18.5 3 1 "(40,60]" -4.5 -4.6
"197" 197 1 2 71 21.1 64 23.5 3 1 "(70,Inf]" -4.4 -4.9
"198" 198 1 2 58 20.1 61 21.1 1 1 "(40,60]" -3.6 -3.2
"199" 199 1 2 58 19.9 62 24.9 1 0 "(40,60]" -3.9 -4
"200" 200 1 2 65 25.9 65 25.4 3 1 "(60,70]" -3.4 -3.4
"201" 201 2 2 51 19.8 69 21 1 0 "(40,60]" -3.8 -3.6
"202" 202 2 2 59 23.9 69 23 3 0 "(40,60]" -4.9 -4.4
"203" 203 2 1 55 16.3 66 14.7 2 0 "(40,60]" -1.9 -2.4
"204" 204 2 1 66 24.2 67 19.3 1 0 "(60,70]" -3.7 -3
"205" 205 2 2 71 31.5 67 24.9 3 0 "(70,Inf]" -4.1 -3.2
"206" 206 2 2 70 32.1 68 23 3 0 "(60,70]" -4.2 -3.3
"207" 207 2 2 74 20.1 62 21.3 2 0 "(70,Inf]" -4 -3.5
"208" 208 2 1 72 25.7 71 19 3 1 "(70,Inf]" -4.2 -3.5
"209" 209 2 2 52 29.7 66 26.8 1 1 "(40,60]" -3.8 -4
"210" 210 2 2 63 28.6 63 26 1 0 "(60,70]" -3 -3.3
"211" 211 2 1 68 26.4 73 14.7 3 0 "(60,70]" -3 -3.3
"212" 212 2 2 54 31.1 68 21.6 3 1 "(40,60]" -4.3 -3.7
"213" 213 2 2 70 28.4 64 23.9 3 0 "(60,70]" -3.7 -3.5
"214" 214 2 1 54 23.9 67 18.5 3 0 "(40,60]" -3 -2.8
"215" 215 2 1 77 24.5 73 21.4 1 0 "(70,Inf]" -3.4 -2.6
"216" 216 2 2 69 31.3 66 22.7 2 0 "(60,70]" -3.4 -3.5
"217" 217 2 2 61 16.2 69 20.8 3 0 "(60,70]" -3.3 -3.2
"218" 218 2 2 71 22.2 64 19.6 3 0 "(70,Inf]" -2.6 -2.5
"219" 219 2 1 75 29.5 65 16.5 3 0 "(70,Inf]" -3.1 -1.8
"220" 220 2 1 61 29.3 66 20.7 3 1 "(60,70]" -2.3 -1.5
"221" 221 2 2 53 32.2 65 22.6 3 1 "(40,60]" -3.6 -3.8
"222" 222 2 2 68 19.8 60 23.9 1 0 "(60,70]" -4.5 -4
"223" 223 2 2 53 27.6 61 23.5 2 0 "(40,60]" -2.9 -2.8
"224" 224 2 1 67 28.3 70 18 3 0 "(60,70]" -4.5 -3.4
"225" 225 2 2 50 24 63 22 2 0 "(40,60]" -3.4 -2.9
"226" 226 2 2 64 24.9 65 23.4 3 1 "(60,70]" -3.4 -3.5
"227" 227 2 2 55 19.8 69 20.8 3 0 "(40,60]" -1.8 -2.5
"228" 228 2 2 71 20.2 63 17.3 1 0 "(70,Inf]" -2.9 -2.5
"229" 229 2 2 74 21.9 68 22.6 1 0 "(70,Inf]" -2.1 -2.6
"230" 230 2 1 63 27.1 73 18.1 3 0 "(60,70]" -3.4 -3
"231" 231 2 1 54 24.2 72 17 2 0 "(40,60]" -3.1 -3.4
"232" 232 2 2 57 22.5 66 23.1 3 0 "(40,60]" -3.4 -3
"233" 233 2 2 64 27.8 62 25 1 0 "(60,70]" -3.8 -3.6
"234" 234 2 2 53 22.7 67 19.2 1 0 "(40,60]" -4.1 -3.2
"235" 235 2 2 71 17.7 69 20.3 3 1 "(70,Inf]" -3.2 -3.6
"236" 236 2 2 59 18.9 61 22 2 1 "(40,60]" -3.9 -3.9
"237" 237 2 2 60 25.9 64 23 1 0 "(40,60]" -3.1 -3
"238" 238 2 1 61 21.4 64 18.7 2 0 "(60,70]" -2.6 -2.3
"239" 239 2 1 54 20.8 70 13.6 3 0 "(40,60]" -3.5 -2.7
"240" 240 2 2 62 26.7 67 23.3 3 0 "(60,70]" -3.4 -3.7
"241" 241 2 2 52 33.8 68 27.1 2 0 "(40,60]" -3.3 -2.8
"242" 242 2 2 72 17 69 22 3 1 "(70,Inf]" -4.6 -4.2
"243" 243 2 1 65 23.8 64 16.2 3 0 "(60,70]" -4 -3.1
"244" 244 2 1 67 26.3 67 16.8 3 0 "(60,70]" -2.9 -2.4
"245" 245 2 2 61 26.8 63 21.5 2 0 "(60,70]" -2.8 -2.5
"246" 246 2 2 54 28.9 63 23.8 2 0 "(40,60]" -3.8 -3.8
"247" 247 2 2 51 27.3 60 26.4 3 0 "(40,60]" -4 -3.4
"248" 248 2 2 57 23.5 67 23.9 3 0 "(40,60]" -3.9 -4.3
"249" 249 2 1 57 21.2 71 15.2 1 0 "(40,60]" -3.8 -3.3
"250" 250 2 2 52 20.5 65 23 1 0 "(40,60]" -3.2 -3.3
"251" 251 2 2 63 24.9 65 24.4 3 1 "(60,70]" -4.1 -3.6
"252" 252 2 2 54 30.3 64 22.5 2 0 "(40,60]" -2.1 -2.6
"253" 253 2 2 60 22.9 62 24.2 2 0 "(40,60]" -4 -3.8
"254" 254 2 1 59 25 71 19 3 0 "(40,60]" -3.2 -2.4
"255" 255 2 2 73 22.2 62 19 3 0 "(70,Inf]" -3.5 -2.9
"256" 256 2 1 70 20.4 67 15.9 2 0 "(60,70]" -3.5 -3.2
"257" 257 2 1 63 31 69 18.9 2 0 "(60,70]" -3.8 -3.3
"258" 258 2 2 64 21.1 67 20.3 3 0 "(60,70]" -3.8 -4.1
"259" 259 2 2 65 22.9 68 22.8 1 0 "(60,70]" -2.9 -3.3
"260" 260 2 1 54 29.5 72 18.4 1 0 "(40,60]" -2.8 -2.5
"261" 261 2 1 60 28.2 64 18 3 0 "(40,60]" -4.4 -3.5
"262" 262 2 2 56 20.4 65 22.7 2 0 "(40,60]" -2.9 -2.5
"263" 263 2 2 51 23.9 69 23.7 1 0 "(40,60]" -3.4 -3.6
"264" 264 2 2 73 26.7 63 23.5 2 0 "(70,Inf]" -2.4 -2.5
"265" 265 2 2 65 29.2 62 22.7 3 1 "(60,70]" -2.5 -3.1
"266" 266 2 2 55 15.3 66 22.6 2 0 "(40,60]" -4.9 -3.7
"267" 267 2 1 56 22.6 71 18.9 2 0 "(40,60]" -2.7 -2.3
"268" 268 2 2 75 15.6 68 20.4 1 1 "(70,Inf]" -4 -4.5
"269" 269 2 1 76 33.4 71 19.2 3 0 "(70,Inf]" -3.2 -3.9
"270" 270 2 2 51 19.7 68 22.3 2 1 "(40,60]" -3.8 -2.8
"271" 271 2 1 58 20 66 18.1 3 0 "(40,60]" -4.2 -3.1
"272" 272 2 2 62 19.8 67 21.7 3 0 "(60,70]" -3.8 -3.1
"273" 273 2 2 62 32 65 23.9 3 0 "(60,70]" -3 -3.8
"274" 274 2 2 62 20.5 64 20.8 1 0 "(60,70]" -2.7 -2.8
"275" 275 2 1 60 17.4 71 17.8 2 0 "(40,60]" -4.2 -4.6
"276" 276 2 2 72 28.9 69 23.1 2 0 "(70,Inf]" -3.3 -3.1
"277" 277 2 2 69 28.2 62 22.5 1 0 "(60,70]" -4.2 -3.8
"278" 278 2 2 60 28.9 67 25 3 1 "(40,60]" -4.9 -4.3
"279" 279 2 2 73 25.8 63 22.7 2 0 "(70,Inf]" -2.1 -3
"280" 280 2 2 74 17.5 65 21.9 2 0 "(70,Inf]" -3.9 -4.2
"281" 281 2 2 66 21.2 62 23.2 2 0 "(60,70]" -3.7 -2.7
"282" 282 2 2 63 30.8 62 25.3 3 0 "(60,70]" -2.4 -2.5
"283" 283 2 2 69 26.4 63 25.9 3 0 "(60,70]" -3.7 -3.3
"284" 284 2 2 62 18.8 62 20.4 3 0 "(60,70]" -2.9 -2.5
"285" 285 2 2 63 25.9 61 24.7 2 1 "(60,70]" -2.9 -3.4
"286" 286 2 2 80 19 63 23.3 1 0 "(70,Inf]" -3.9 -3.4
"287" 287 2 2 75 27.4 60 22.7 3 0 "(70,Inf]" -3 -2.9
"288" 288 2 2 52 25.2 68 23.2 3 0 "(40,60]" -3 -3
"289" 289 2 2 55 25.6 66 21.3 3 0 "(40,60]" -3.8 -4.1
"290" 290 2 1 71 22.1 64 20 1 0 "(70,Inf]" -2.4 -2.6
"291" 291 2 2 53 19.9 61 23.1 2 0 "(40,60]" -4 -4.4
"292" 292 2 1 62 17.3 67 16.9 3 1 "(60,70]" -3.6 -4.2
"293" 293 2 2 76 26.8 68 20.9 3 0 "(70,Inf]" -2.7 -2.8
"294" 294 2 1 75 23.3 73 16.9 3 1 "(70,Inf]" -4.2 -3.7
"295" 295 2 2 68 18.9 68 22.3 3 0 "(60,70]" -1.6 -2
"296" 296 2 2 72 28.1 68 25.1 3 1 "(70,Inf]" -3.7 -3.8
"297" 297 2 2 56 24.6 66 24.1 2 0 "(40,60]" -4 -3.7
"298" 298 2 2 75 28.4 63 19.4 1 0 "(70,Inf]" -3.7 -3.4
"299" 299 2 2 70 28.9 63 23.3 3 0 "(60,70]" -2.8 -3.2
"300" 300 3 1 57 21.1 68 18 2 0 "(40,60]" -2.7 -2.6
"301" 301 3 2 62 20.9 62 22.1 3 0 "(60,70]" -4.6 -4.4
"302" 302 3 2 64 28.3 64 25.1 3 0 "(60,70]" -3.2 -3
"303" 303 3 1 62 20.8 64 17.3 3 0 "(60,70]" -2.6 -1.7
"304" 304 3 1 77 29.2 69 20.6 2 0 "(70,Inf]" -2.4 -3.6
"305" 305 3 2 64 29.6 69 24.5 2 0 "(60,70]" -3.8 -3.6
"306" 306 3 2 52 26.6 62 22.3 2 0 "(40,60]" -2.3 -2.3
"307" 307 3 2 78 27 60 22.2 3 0 "(70,Inf]" -3.9 -4.3
"308" 308 3 2 70 18.9 64 20.6 2 0 "(60,70]" -2.3 -2
"309" 309 3 2 61 25.8 60 23.8 1 0 "(60,70]" -3.7 -3.1
"310" 310 3 2 67 27.9 64 20.7 3 0 "(60,70]" -3.3 -2.9
"311" 311 3 2 74 22 61 21.2 3 0 "(70,Inf]" -2.5 -2.3
"312" 312 3 1 64 21.5 68 17.9 3 1 "(60,70]" -5.1 -4.7
"313" 313 3 1 57 26.5 73 18.8 1 1 "(40,60]" -3.6 -3.4
"314" 314 3 2 65 24.1 61 20.2 3 0 "(60,70]" -2.6 -2.5
"315" 315 3 2 52 24 64 21.4 3 0 "(40,60]" -3 -2.7
"316" 316 3 1 63 24.4 65 16.6 3 0 "(60,70]" -2.8 -2.4
"317" 317 3 2 57 25.8 65 22.9 3 0 "(40,60]" -3.8 -4
"318" 318 3 1 65 23.2 72 19 3 0 "(60,70]" -2.2 -3.4
"319" 319 3 2 60 29.2 61 21.5 2 1 "(40,60]" -4.3 -2.8
"320" 320 3 1 51 27.8 66 21.7 1 0 "(40,60]" -2.5 -2.4
"321" 321 3 2 58 23.7 63 20.7 3 1 "(40,60]" -3.4 -3.4
"322" 322 3 2 74 18.8 68 21.9 2 0 "(70,Inf]" -2.8 -3.6
"323" 323 3 2 75 25.3 65 24.5 1 0 "(70,Inf]" -4.6 -4.4
"324" 324 3 2 64 22.7 65 25.6 1 0 "(60,70]" -4 -2.9
"325" 325 3 2 68 23.2 66 22.2 2 0 "(60,70]" -2.5 -2.4
"326" 326 3 2 64 28.4 68 22.8 2 0 "(60,70]" -3.2 -3.5
"327" 327 3 1 59 24.1 68 18.6 1 0 "(40,60]" -3.4 -2.4
"328" 328 3 2 68 26.8 68 25.4 1 0 "(60,70]" -2.2 -2.7
"329" 329 3 2 60 24.5 62 20.6 1 0 "(40,60]" -2.3 -2.3
"330" 330 3 1 54 26.9 65 20.8 2 0 "(40,60]" -3.7 -3.1
"331" 331 3 1 73 25.8 71 21 3 0 "(70,Inf]" -3 -2.6
"332" 332 3 2 68 23 66 22 3 0 "(60,70]" -4.6 -3.2
"333" 333 3 2 70 24.7 64 23.4 3 0 "(60,70]" -2.7 -2.9
"334" 334 3 1 70 21.2 66 16.5 3 0 "(60,70]" -3.4 -2.4
"335" 335 3 2 53 28.1 67 24.6 3 0 "(40,60]" -3.5 -2.9
"336" 336 3 2 77 26.8 61 22.9 3 0 "(70,Inf]" -2.8 -3.1
"337" 337 3 2 73 14.4 65 21.6 3 0 "(70,Inf]" -3 -3.3
"338" 338 3 1 70 26.5 65 19.8 2 1 "(60,70]" -3.6 -3.4
"339" 339 3 2 59 27.3 67 23.8 3 0 "(40,60]" -2.4 -2.3
"340" 340 3 2 65 21.8 68 25.4 1 1 "(60,70]" -3.3 -3.2
"341" 341 3 2 64 19.6 60 22.5 3 0 "(60,70]" -3.3 -3.3
"342" 342 3 2 71 24.7 62 24.7 2 0 "(70,Inf]" -3.6 -2.6
"343" 343 3 2 59 26.9 63 24.3 3 0 "(40,60]" -1.7 -1.9
"344" 344 3 2 69 23.5 63 22 3 1 "(60,70]" -1.8 -3.6
"345" 345 3 2 56 30.6 67 23.6 2 0 "(40,60]" -3.6 -3.1
"346" 346 3 2 70 21.9 64 24.8 3 0 "(60,70]" -2.1 -2.3
"347" 347 3 1 54 30.7 73 21.9 3 0 "(40,60]" -1.8 -2.7
"348" 348 3 1 68 25 71 22.1 2 0 "(60,70]" -4.1 -3.9
"349" 349 3 2 57 28.5 67 23.5 3 0 "(40,60]" -3.6 -2.8
"350" 350 3 2 59 22.4 65 22.3 3 0 "(40,60]" -3.3 -3.4
"351" 351 3 2 64 25.9 67 22.6 3 1 "(60,70]" -4.7 -3.8
"352" 352 3 1 65 24.9 70 18.1 3 0 "(60,70]" -3.8 -4.1
"353" 353 3 1 53 30.8 65 20.4 3 0 "(40,60]" -3.5 -3.4
"354" 354 3 2 70 28.6 68 25.1 1 0 "(60,70]" -3.4 -3.4
"355" 355 3 1 61 19.5 72 17.2 3 0 "(60,70]" -3.8 -3.9
"356" 356 3 2 53 23.8 63 22.2 1 0 "(40,60]" -4.6 -3.8
"357" 357 3 1 68 18.7 67 17 3 0 "(60,70]" -3.6 -3
"358" 358 3 2 53 25 65 23.1 2 1 "(40,60]" -3.6 -3.9
"359" 359 3 2 65 20.2 69 22.3 3 0 "(60,70]" -4.4 -3.8
"360" 360 3 1 74 23.9 66 17.7 2 0 "(70,Inf]" -2.9 -3.2
"361" 361 3 2 75 25.3 65 23.9 1 0 "(70,Inf]" -3.6 -2.5
"362" 362 3 2 62 20.2 64 20.7 3 0 "(60,70]" -4.9 -4.5
"363" 363 3 1 68 30 64 19.4 3 0 "(60,70]" -3 -3.2
"364" 364 3 2 53 26.5 68 23.1 1 0 "(40,60]" -4.4 -3.3
"365" 365 3 2 63 25.4 69 24.4 1 1 "(60,70]" -4 -3.4
"366" 366 3 2 76 25.2 64 21 3 0 "(70,Inf]" -2.4 -2.8
"367" 367 3 2 61 20.9 60 22.1 1 1 "(60,70]" -2.4 -2.8
"368" 368 3 2 66 30.1 66 25.9 1 0 "(60,70]" -3.3 -3.9
"369" 369 3 2 59 25.6 69 25.5 2 1 "(40,60]" -4.7 -4.3
"370" 370 3 1 70 25.4 64 18.2 3 1 "(60,70]" -4.5 -3.7
"371" 371 3 2 77 25.9 60 25 3 1 "(70,Inf]" -3.5 -3.5
"372" 372 3 2 51 31.5 60 25.4 3 0 "(40,60]" -3.7 -3.1
"373" 373 3 2 62 23.8 62 27.4 2 0 "(60,70]" -3.6 -2.9
"374" 374 3 2 56 21.4 63 22.9 1 0 "(40,60]" -3 -2.7
"375" 375 3 2 74 25.1 68 24.7 3 0 "(70,Inf]" -2.6 -3
"376" 376 3 2 69 22.4 61 22.5 3 0 "(60,70]" -3.9 -3.3
"377" 377 3 2 78 26.8 63 24.8 2 0 "(70,Inf]" -2.7 -2.6
"378" 378 3 2 60 27 61 20.8 1 0 "(40,60]" -2.6 -2.6
"379" 379 3 2 73 16.6 62 17.4 1 1 "(70,Inf]" -3.9 -3.6
"380" 380 3 2 63 29.3 67 23.9 1 0 "(60,70]" -4.5 -3.9
"381" 381 3 2 61 25 61 20 3 0 "(60,70]" -2.7 -2.3
"382" 382 3 2 51 26 60 25 2 1 "(40,60]" -2.5 -3.1
"383" 383 3 1 71 25.3 72 18.3 2 1 "(70,Inf]" -3.9 -4.6
"384" 384 3 2 63 18.5 64 21.2 3 0 "(60,70]" -3.8 -3.7
"385" 385 3 1 59 21.9 70 15.9 2 0 "(40,60]" -3.8 -3.6
"386" 386 3 2 58 28.4 68 22.9 1 1 "(40,60]" -1.7 -2
"387" 387 3 2 62 24.7 69 24.6 2 1 "(60,70]" -3.6 -3.5
"388" 388 3 2 68 17 69 25.1 2 0 "(60,70]" -4.3 -2.8
"389" 389 3 1 57 24.3 64 18.1 1 0 "(40,60]" -3.6 -3.5
"390" 390 3 1 78 26.1 65 17 3 0 "(70,Inf]" -3 -2.8
"391" 391 3 2 53 22.8 60 24.8 3 0 "(40,60]" -2.7 -2.2
"392" 392 3 2 65 24.4 61 22.7 2 0 "(60,70]" -3.1 -2.2
"393" 393 3 1 63 26.9 73 19.2 3 1 "(60,70]" -3.6 -4
"394" 394 3 1 62 25.6 69 17.9 3 1 "(60,70]" -3.9 -3.9
"395" 395 3 2 54 19.8 68 18.5 2 0 "(40,60]" -3.4 -2.9
"396" 396 3 2 74 23 64 20.6 1 0 "(70,Inf]" -3.7 -3.8
"397" 397 3 1 68 30.2 69 19.2 3 0 "(60,70]" -3.4 -2.7
"398" 398 3 2 51 23.4 68 22.1 1 0 "(40,60]" -2.2 -3.1
"399" 399 3 2 78 27.6 63 23.3 1 1 "(70,Inf]" -2.7 -2.5
"400" 400 4 2 61 23.5 69 21.9 1 0 "(60,70]" -3.3 -3.1
"401" 401 4 2 69 19.9 69 22.7 3 0 "(60,70]" -3.9 -3.8
"402" 402 4 1 62 20.9 73 18.8 2 0 "(60,70]" -3.5 -2.5
"403" 403 4 1 66 20.6 73 18.1 3 0 "(60,70]" -3.3 -2.6
"404" 404 4 2 67 30.2 68 21.3 3 0 "(60,70]" -3.2 -3.5
"405" 405 4 2 61 15.9 67 17.4 1 1 "(60,70]" -4.3 -4.4
"406" 406 4 1 53 28.7 67 17.8 2 0 "(40,60]" -2.5 -2.1
"407" 407 4 2 57 23 62 22.5 1 0 "(40,60]" -4.9 -4.4
"408" 408 4 2 56 28.9 60 23 2 1 "(40,60]" -3.7 -3.4
"409" 409 4 2 56 26 62 22.1 2 0 "(40,60]" -3.8 -2.7
"410" 410 4 1 51 25.8 67 15.9 3 0 "(40,60]" -3.2 -3.1
"411" 411 4 2 58 22.8 68 22.7 1 0 "(40,60]" -2.9 -3.2
"412" 412 4 2 73 32.8 65 24.6 3 0 "(70,Inf]" -2.7 -2.6
"413" 413 4 2 50 25.4 60 24.7 3 0 "(40,60]" -3.5 -3
"414" 414 4 2 55 28.7 62 25.6 3 0 "(40,60]" -3.8 -3.4
"415" 415 4 2 63 19.4 62 20.2 2 0 "(60,70]" -3 -3.8
"416" 416 4 1 51 22 67 15.7 1 1 "(40,60]" -3.1 -2.4
"417" 417 4 2 63 22.8 64 22.6 3 1 "(60,70]" -2.5 -2.9
"418" 418 4 1 59 24.2 65 17.5 1 0 "(40,60]" -3.8 -3.3
"419" 419 4 2 58 17.1 67 18.5 3 0 "(40,60]" -3.9 -3.4
"420" 420 4 2 56 20.5 60 24.5 2 0 "(40,60]" -2.4 -2.2
"421" 421 4 2 80 27.1 67 25.3 3 0 "(70,Inf]" -3.2 -3.5
"422" 422 4 2 68 21 61 20.1 1 0 "(60,70]" -3.5 -3.3
"423" 423 4 2 64 22.4 63 22.1 3 0 "(60,70]" -2.5 -3.5
"424" 424 4 2 57 23.3 61 20.1 2 0 "(40,60]" -4 -3.7
"425" 425 4 2 53 23.1 66 22.7 2 0 "(40,60]" -3.5 -2.7
"426" 426 4 2 74 25.5 61 23.4 2 1 "(70,Inf]" -2.7 -3
"427" 427 4 1 59 22.2 69 17.7 3 1 "(40,60]" -3.9 -3.8
"428" 428 4 1 56 24.8 64 15.8 2 0 "(40,60]" -2.9 -2.4
"429" 429 4 2 60 20.5 60 22 3 0 "(40,60]" -2.5 -2.7
"430" 430 4 2 64 26.2 69 20.5 3 0 "(60,70]" -2.2 -2.5
"431" 431 4 2 53 21.3 64 19.1 3 1 "(40,60]" -3.6 -3
"432" 432 4 2 70 30.1 66 25.3 3 0 "(60,70]" -3.9 -3.3
"433" 433 4 2 60 23.2 61 22.6 3 0 "(40,60]" -4.6 -3.6
"434" 434 4 2 78 25.1 63 24.1 2 0 "(70,Inf]" -4 -4.1
"435" 435 4 2 75 26.2 66 23 1 1 "(70,Inf]" -2.7 -3.4
"436" 436 4 2 73 20.8 61 21 2 0 "(70,Inf]" -3 -3.3
"437" 437 4 1 52 24.8 66 18.5 2 1 "(40,60]" -2.9 -3.3
"438" 438 4 2 60 26.4 66 22.4 1 0 "(40,60]" -4.5 -4.3
"439" 439 4 2 65 26.9 68 23.9 2 1 "(60,70]" -3.4 -3.9
"440" 440 4 1 63 23.5 73 16 3 0 "(60,70]" -2.8 -2.2
"441" 441 4 1 51 24.1 73 19.6 2 1 "(40,60]" -3.7 -2.3
"442" 442 4 1 52 29.2 69 20.1 2 0 "(40,60]" -3.4 -3.7
"443" 443 4 2 61 22.6 67 19.9 2 0 "(60,70]" -3.4 -3.6
"444" 444 4 1 62 32.1 71 20.4 1 0 "(60,70]" -2.4 -2
"445" 445 4 2 57 24 63 20.3 1 0 "(40,60]" -1.8 -2
"446" 446 4 1 52 20.5 66 14.1 3 0 "(40,60]" -2.1 -2.6
"447" 447 4 1 51 26.4 73 19.8 3 0 "(40,60]" -3.1 -2.2
"448" 448 4 1 56 34.1 67 20.2 3 0 "(40,60]" -3.3 -2.5
"449" 449 4 2 58 30.6 63 23.6 3 0 "(40,60]" -3.5 -3.3
"450" 450 4 2 60 23.2 66 21.6 1 0 "(40,60]" -3.1 -3.1
"451" 451 4 1 63 19.4 67 18.5 3 0 "(60,70]" -3 -3.2
"452" 452 4 1 63 20.6 69 18.6 2 0 "(60,70]" -4 -4.3
"453" 453 4 1 72 31.7 64 18.1 3 0 "(70,Inf]" -1.5 -2.2
"454" 454 4 2 56 27.7 65 26.4 3 0 "(40,60]" -3 -2.6
"455" 455 4 2 60 25.1 60 21.2 2 0 "(40,60]" -3.6 -3.3
"456" 456 4 2 78 23.6 65 22.2 2 1 "(70,Inf]" -4 -5.4
"457" 457 4 2 58 27.9 66 26.7 2 0 "(40,60]" -2.4 -2.3
"458" 458 4 2 57 26.2 63 21.5 3 1 "(40,60]" -3.3 -3
"459" 459 4 1 69 25.9 67 20.7 3 0 "(60,70]" -3.1 -3.6
"460" 460 4 2 64 28 61 24.8 1 1 "(60,70]" -3.4 -3.3
"461" 461 4 2 56 28.3 61 27.4 3 1 "(40,60]" -3.6 -3.9
"462" 462 4 2 68 26.5 63 25.5 3 1 "(60,70]" -2.8 -3
"463" 463 4 2 74 32 69 26.3 2 0 "(70,Inf]" -3.3 -3.8
"464" 464 4 1 58 33.1 68 20.4 3 0 "(40,60]" -3.6 -3.6
"465" 465 4 1 58 25.5 73 12.6 2 0 "(40,60]" -3.7 -3.6
"466" 466 4 1 60 15 68 14.4 2 0 "(40,60]" -4.3 -3.5
"467" 467 4 1 74 17.5 65 17.6 3 0 "(70,Inf]" -3.8 -2.5
"468" 468 4 2 67 24.4 69 21.1 3 1 "(60,70]" -2.8 -2.2
"469" 469 4 2 57 27.5 69 25.7 3 0 "(40,60]" -3.2 -2.8
"470" 470 4 2 77 31 63 21.5 2 0 "(70,Inf]" -3.5 -3.5
"471" 471 4 1 70 20.8 69 13.1 1 1 "(60,70]" -4 -3.9
"472" 472 4 1 63 18.8 72 16.5 3 0 "(60,70]" -2.5 -2.5
"473" 473 4 1 61 31 72 22.4 3 1 "(60,70]" -3 -2.6
"474" 474 4 2 61 24.8 61 25.2 3 0 "(60,70]" -2.6 -2.8
"475" 475 4 2 54 30.8 63 23.4 3 1 "(40,60]" -3.8 -3.9
"476" 476 4 1 65 30.3 68 18 3 0 "(60,70]" -1.9 -2.1
"477" 477 4 1 68 26.1 72 15.7 3 0 "(60,70]" -3.9 -3
"478" 478 4 2 51 19.9 69 21.9 3 0 "(40,60]" -4 -2.9
"479" 479 4 2 64 16.4 62 20.1 3 0 "(60,70]" -4.3 -3.8
"480" 480 4 1 64 23.1 64 16.2 3 1 "(60,70]" -3.9 -4
"481" 481 4 2 59 24.1 63 20.7 3 1 "(40,60]" -3.4 -2.7
"482" 482 4 2 53 23.7 68 18.6 2 1 "(40,60]" -3.9 -4.3
"483" 483 4 2 68 26.8 63 22.9 3 0 "(60,70]" -2.3 -2.2
"484" 484 4 2 52 27.8 63 22.8 3 1 "(40,60]" -3.5 -3.5
"485" 485 4 1 53 29.5 70 19.3 3 1 "(40,60]" -3.3 -2.7
"486" 486 4 2 72 26.3 67 23.3 2 0 "(70,Inf]" -2.8 -2.8
"487" 487 4 2 69 31.9 64 24.4 2 0 "(60,70]" -4.7 -4.3
"488" 488 4 2 52 20.2 64 19.2 3 0 "(40,60]" -2.2 -2.7
"489" 489 4 1 54 22.6 70 16.3 3 0 "(40,60]" -3.6 -3
"490" 490 4 2 55 14.5 62 19.1 2 0 "(40,60]" -3.4 -2.7
"491" 491 4 2 66 30.8 66 27.2 3 0 "(60,70]" -3 -2.7
"492" 492 4 2 59 18.9 65 20.7 2 1 "(40,60]" -1.6 -2.9
"493" 493 4 2 63 21.7 68 24.4 3 0 "(60,70]" -3.6 -2.9
"494" 494 4 2 57 20.4 66 22.9 1 1 "(40,60]" -3.5 -2.9
"495" 495 4 2 61 22.5 68 21.3 1 0 "(60,70]" -2.6 -2.6
"496" 496 4 1 69 24.1 66 16.8 3 0 "(60,70]" -4.3 -4.1
"497" 497 4 1 59 22.5 69 18.8 3 0 "(40,60]" -4 -3.5
"498" 498 4 2 76 20.4 63 22.8 3 1 "(70,Inf]" -5.5 -5.4
"499" 499 4 2 71 18 64 25.4 3 0 "(70,Inf]" -3.2 -2.8
"500" 500 4 2 70 24.8 63 23.4 2 0 "(60,70]" -2.3 -2.5
