1948    12  -12  -21   -9    1   -7  -13  -14  -17  -10  -15  -19
1949    12  -17   -5  -12  -12  -26  -17  -12  -14   -7   -9  -18
1950   -29  -29   -7  -19  -11  -11  -15  -22  -12  -17  -33  -19
1951   -34  -43  -21   -9    3   -6   -1    6    4   10   -2   12
1952    13   11  -10    5    0   -2    7    4    6   -2  -16   -2
1953    10   19   12   19   10    6    0    7    6    7   -3    6
1954   -23  -10  -14  -15  -19  -15  -17  -14   -7   -1    9  -16
1955    16  -16  -32  -18  -20  -11   -8    8  -10   -3  -26  -32
1956   -16  -23  -19  -25  -26  -15  -10  -28  -15  -23  -15  -10
1957   -12   -7   -8   -1    5   16    0   19    9    0    8   16
1958    37   24    9    2    5  -12    0   -8   -7    2    2   -1
1959     8    6   17   14    3    2    4   -1   -5   -9   -8    1
1960    -4   12  -36  -17  -11   -3   -6   -1    5    6  -12   16
1961     5   17    8   12   13   11    0    3    5    0    3  -16
1962     7   14   10    7   -5    4    1    0   -1    0    8    0
1963    -1   20  -15   -7   -5    6   12   25   20   16   17    1
1964    -7  -11  -23  -30  -25   -5   -6  -23  -29  -29  -18  -27
1965    -6  -17  -10  -19  -11  -11  -13   -4  -15   -5   -6   -5
1966   -16    0    7  -12   -9    0    7   -7    0  -13    0   -3
1967    -5  -18    7   -2   14   -8    1    2   -5    9   -6    0
1968   -21  -12   26   -2  -10   -5   -7   -8  -17   12   -5  -13
1969   -11  -15    0   16   15    6   -1    2    9   12   14   29
1970    10   26   10    9   -2    1    0   -8   11    4    2  -12
1971     0  -18  -16   -7   -3  -16   -9    0    2   -3   -2   -5
1972   -24  -16    3   -1    1    9    4   18    3    9    3   20
1973    26   32   26   26   25   18   10    4    9   13    5   -5
1974   -14  -26   -4  -10   -2   -5   -3   11  -11   -6   -6   -8
1975     8    7   14    4   15    2    0  -20   -3  -10  -16  -18
1976    -3   -8  -22   -9  -22  -15   -9  -16   -9  -29   -8    5
1977    12   16   21   23   28   26   20   16   -2    0   16    4
1978     6   11   19   11    4   -1    4  -18    6    0   14    6
1979    11  -11   15    8    1   10   -3    9   21   20   24   43
1980    25   37   26   29   30   14   23   23   18   14   23   16
1981    52   38   46   28   20   27   29   30   13    9   17   36
1982     5   12   -6    5   11    1   12    6    9    9   10   39
1983    49   35   38   27   34   17   13   28   35   12   28   13
1984    26   12   25    6   31    4   13   12   14   11    1   -7
1985    20   -8   13    5   14   15   -4   11   10    9    5   11
1986    25   33   25   22   23   11   10    9   -2    9    5   11
1987    31   42   13   22   22   32   41   22   34   27   21   44
1988    53   37   45   40   40   38   30   40   37   35    7   28
1989    11   31   32   28   13   11   29   31   32   29   15   32
1990    35   36   72   50   41   33   39   27   26   37   40   38
1991    39   46   32   47   34   50   47   37   43   27   27   30
1992    42   38   43   22   29   22   10    6   -3    6    0   18
1993    34   36   33   22   23   19   24   11    6   20    5   17
1994    27   -1   25   38   26   37   27   19   30   40   42   36
1995    49   76   43   45   26   43   47   45   29   46   42   28
1996    25   47   31   33   28   25   34   48   25   20   40   40
1997    31   37   53   35   36   52   33   39   53   61   62   59
1998    60   86   63   63   68   74   67   68   45   42   47   55
1999    48   66   31   34   30   37   40   35   40   40   38   45
2000    23   56   56   58   40   42   40   42   42   27   32   28
2001    41   46   58   51   57   53   58   49   53   48   68   52
2002    72   74   90   56   63   55   59   53   62   55   59   42
2003    73   54   56   52   61   47   54   65   63   73   53   72
2004    57   67   63   58   40   41   24   42   50   61   70   48
2005    69   55   67   67   61   64   62   60   74   77   71   65
2006    54   66   59   45   44   60   50   66   59   67   69   74
2007    93   66   68   71   64   55   57   57   61   57   54   46
2008    23   31   70   48   46   43   55   39   59   62   62   51
2009    57   48   50   57   58   61   66   61   65   58   70   57
2010    66   74   87   81   71   59   57   59   56   65   75   45
2011    45   44   57   60   47   53   69   68   52   60   50   45
2012    36   38   49   59   70   59   51   57   67   72   68   43